[gd_scene load_steps=11 format=3 uid="uid://bpp0y8c2yaxk0"]

[ext_resource type="Script" uid="uid://bh0pj5rjswi7h" path="res://scripts/world.gd" id="1_rwgxs"]
[ext_resource type="PackedScene" uid="uid://dccxqo4gnl6md" path="res://scenes/chunk/chunk.tscn" id="2_4wyf3"]
[ext_resource type="PackedScene" uid="uid://ev70ht4orq5o" path="res://scenes/entities/player.tscn" id="3_4wyf3"]
[ext_resource type="PackedScene" uid="uid://cv4n5cdnulhtc" path="res://assets/props/landingpad_large.fbx" id="4_i7141"]
[ext_resource type="PackedScene" uid="uid://y71rdkfgk66l" path="res://assets/props/spacetruck.fbx" id="5_4mrxx"]
[ext_resource type="PackedScene" uid="uid://gs462m72m15p" path="res://assets/props/spacetruck_large.fbx" id="6_7r4gi"]
[ext_resource type="PackedScene" uid="uid://ddjktir80ual4" path="res://assets/props/structure_tall.fbx" id="7_w7kh3"]

[sub_resource type="FastNoiseLite" id="FastNoiseLite_fj7yv"]
noise_type = 3
seed = 123

[sub_resource type="BoxShape3D" id="BoxShape3D_i7141"]
size = Vector3(2.1853027, 1, 2.4489746)

[sub_resource type="CylinderShape3D" id="CylinderShape3D_4mrxx"]
height = 2.9550781
radius = 1.0112305

[node name="World" type="Node3D"]
script = ExtResource("1_rwgxs")
chunk_scene = ExtResource("2_4wyf3")
world_size = Vector3i(8, 1, 8)
noise_seed = 123
noise = SubResource("FastNoiseLite_fj7yv")
cube_size = 0.5

[node name="DirectionalLight3D" type="DirectionalLight3D" parent="."]
transform = Transform3D(-0.8660254, -0.43301278, 0.25, 0, 0.49999997, 0.86602545, -0.50000006, 0.75, -0.43301266, 0, 73.97589, 0)
shadow_enabled = true

[node name="Player" parent="." instance=ExtResource("3_4wyf3")]
transform = Transform3D(1, 0, 0, 0, 1, 0, 0, 0, 1, 36.435535, 7.1574035, 59.76068)

[node name="landingpad_large" parent="." instance=ExtResource("4_i7141")]
transform = Transform3D(1, 0, 0, 0, 1, 0, 0, 0, 1, 36.43621, 5.2500033, 59.781944)

[node name="CollisionShape3D" type="CollisionShape3D" parent="landingpad_large"]
transform = Transform3D(1, 0, 0, 0, 1, 0, 0, 0, 1, 0.017211914, 0, 0.0045166016)
shape = SubResource("BoxShape3D_i7141")

[node name="spacetruck" parent="." instance=ExtResource("5_4mrxx")]
transform = Transform3D(-0.7830208, 0, 0.6219955, 0, 1, 0, -0.6219955, 0, -0.7830208, 31.844082, 5.2998257, 59.27659)

[node name="spacetruck_large" parent="." instance=ExtResource("6_7r4gi")]
transform = Transform3D(-0.99940175, 0, -0.034585644, 0, 1, 0, 0.034585644, 0, -0.99940175, 33.072617, 5.3835487, 59.85936)

[node name="structure_tall" parent="." instance=ExtResource("7_w7kh3")]
transform = Transform3D(1, 0, 0, 0, 1, 0, 0, 0, 1, 39.097343, 5.25, 59.82527)

[node name="CollisionShape3D" type="CollisionShape3D" parent="structure_tall"]
transform = Transform3D(1, 0, 0, 0, 1, 0, 0, 0, 1, 0, 0.47753906, 0)
shape = SubResource("CylinderShape3D_4mrxx")
